63
180 95
245 80
360 45
450 50
565 70
675 100
765 110
830 110
875 100
945 80
1080 40
1170 60
1235 100
1280 160
1260 220
1215 280
1190 320
1170 360
1150 400
1125 460
1100 480
1125 580
1130 620
1120 680
1055 720
1010 730
965 710
900 660
810 600
755 555
695 550
650 560
605 580
540 610
470 640
405 660
335 655
270 650
200 635
170 620
110 595
50 565
50 520
55 470
110 440
155 420
200 400
270 380
335 370
380 360
405 310
380 300
335 285
290 280 
225 275
180 270
135 260
105 245
70 225
60 200
70 160
90 120
135 110
39
335 180
380 160
480 180
560 200
675 240
765 260
830 255
900 240
965 220
1010 240
1000 280
985 340
965 420
950 460
965 480
960 510
920 500
900 480
855 455
830 440
785 420
720 405
630 400
560 460
495 490
425 520
380 535
360 520
370 485
425 450
495 410
540 380
560 340
550 300
525 240
480 205
425 195
380 190
335 200
4
0 0 12 9
9 12 21 15
15 21 39 27
27 39 63 39
3 5 7
2 7 8
4 6 8
1 5 6
1
675 300
2
630 360
810 40
1
135 40
1
155 340
2
590 680
765 680
2
830 340
1230 480
2
270 120 20
1010 640 15
3
470 280 45
900 160 50
855 520 80
560 370 -1680 -200 15
3
720 135 10
665 175 10
630 120 15
765 110 765 253
25
810 180 0
925 180 0
1055 200 70
1080 280 80
1080 360 65
1080 440 90
1080 500 60
1000 560 165
945 560 179
865 540 -170
765 505 180
610 520 155
505 540 160
380 600 -145
280 560 -90
320 480 -50
395 420 -50
430 340 -120
415 260 -160
315 240 -145
280 220 -90
295 140 -45
360 140 -30
450 120 10
565 140 0